(kicad_pcb (version 4) (host pcbnew 4.0.4-stable)

  (general
    (links 217)
    (no_connects 0)
    (area 47.324999 26.724999 152.475001 76.875001)
    (thickness 1.6)
    (drawings 370)
    (tracks 1151)
    (zones 0)
    (modules 101)
    (nets 54)
  )

  (page A4)
  (layers
    (0 F.Cu signal)
    (31 B.Cu signal)
    (32 B.Adhes user hide)
    (33 F.Adhes user hide)
    (34 B.Paste user hide)
    (35 F.Paste user hide)
    (36 B.SilkS user)
    (37 F.SilkS user)
    (38 B.Mask user hide)
    (39 F.Mask user hide)
    (40 Dwgs.User user hide)
    (41 Cmts.User user hide)
    (42 Eco1.User user hide)
    (43 Eco2.User user hide)
    (44 Edge.Cuts user)
    (45 Margin user hide)
    (46 B.CrtYd user hide)
    (47 F.CrtYd user hide)
    (48 B.Fab user hide)
    (49 F.Fab user hide)
  )

  (setup
    (last_trace_width 0.25)
    (user_trace_width 0.2)
    (user_trace_width 0.5)
    (user_trace_width 1)
    (trace_clearance 0.2)
    (zone_clearance 0.2)
    (zone_45_only yes)
    (trace_min 0.2)
    (segment_width 0.2)
    (edge_width 0.15)
    (via_size 1)
    (via_drill 0.5)
    (via_min_size 0.4)
    (via_min_drill 0.3)
    (user_via 1 0.5)
    (user_via 1.5 0.8)
    (user_via 2 0.8)
    (uvia_size 0.3)
    (uvia_drill 0.1)
    (uvias_allowed no)
    (uvia_min_size 0.2)
    (uvia_min_drill 0.1)
    (pcb_text_width 0.3)
    (pcb_text_size 1.5 1.5)
    (mod_edge_width 0.15)
    (mod_text_size 1 1)
    (mod_text_width 0.15)
    (pad_size 1.524 2.1971)
    (pad_drill 0.99822)
    (pad_to_mask_clearance 0.2)
    (aux_axis_origin 51.5 76.8)
    (visible_elements 7FFDFFFF)
    (pcbplotparams
      (layerselection 0x30030_80000001)
      (usegerberextensions false)
      (excludeedgelayer false)
      (linewidth 0.200000)
      (plotframeref false)
      (viasonmask false)
      (mode 1)
      (useauxorigin false)
      (hpglpennumber 1)
      (hpglpenspeed 20)
      (hpglpendiameter 15)
      (hpglpenoverlay 2)
      (psnegative false)
      (psa4output false)
      (plotreference false)
      (plotvalue true)
      (plotinvisibletext false)
      (padsonsilk false)
      (subtractmaskfromsilk false)
      (outputformat 5)
      (mirror false)
      (drillshape 1)
      (scaleselection 1)
      (outputdirectory typons/))
  )

  (net 0 "")
  (net 1 "Net-(BAT1-Pad1)")
  (net 2 "Net-(BAT1-Pad2)")
  (net 3 GND)
  (net 4 "Net-(C201-Pad1)")
  (net 5 "Net-(C202-Pad1)")
  (net 6 V_rtc)
  (net 7 BP1)
  (net 8 BP2)
  (net 9 BP3)
  (net 10 V_sol)
  (net 11 "Net-(C503-Pad1)")
  (net 12 V_bat)
  (net 13 "Net-(C511-Pad1)")
  (net 14 "Net-(C513-Pad1)")
  (net 15 VCC)
  (net 16 "Net-(C522-Pad1)")
  (net 17 VPP)
  (net 18 quadA)
  (net 19 quadB)
  (net 20 V_ref)
  (net 21 M_imot)
  (net 22 SDA)
  (net 23 SCL)
  (net 24 alarm)
  (net 25 C_bkw)
  (net 26 C_frw)
  (net 27 charge_OFF)
  (net 28 M_bat)
  (net 29 M_sol)
  (net 30 mot_A)
  (net 31 mot_B)
  (net 32 "Net-(J901-Pad3)")
  (net 33 "Net-(J901-Pad4)")
  (net 34 "Net-(J901-Pad5)")
  (net 35 "Net-(J901-Pad6)")
  (net 36 "Net-(J902-Pad1)")
  (net 37 "Net-(J902-Pad2)")
  (net 38 "Net-(J902-Pad3)")
  (net 39 "Net-(J902-Pad4)")
  (net 40 "Net-(J902-Pad6)")
  (net 41 "Net-(Q811-Pad1)")
  (net 42 "Net-(Q811-Pad2)")
  (net 43 "Net-(Q812-Pad1)")
  (net 44 "Net-(Q821-Pad1)")
  (net 45 "Net-(Q822-Pad1)")
  (net 46 "Net-(Q900-Pad1)")
  (net 47 "Net-(R510-Pad2)")
  (net 48 VppEn)
  (net 49 "Net-(R831-Pad2)")
  (net 50 "Net-(R832-Pad2)")
  (net 51 "Net-(R833-Pad1)")
  (net 52 "Net-(R902-Pad1)")
  (net 53 "Net-(R711-Pad1)")

  (net_class Default "This is the default net class."
    (clearance 0.2)
    (trace_width 0.25)
    (via_dia 1)
    (via_drill 0.5)
    (uvia_dia 0.3)
    (uvia_drill 0.1)
    (add_net BP1)
    (add_net BP2)
    (add_net BP3)
    (add_net C_bkw)
    (add_net C_frw)
    (add_net GND)
    (add_net M_bat)
    (add_net M_imot)
    (add_net M_sol)
    (add_net "Net-(BAT1-Pad1)")
    (add_net "Net-(BAT1-Pad2)")
    (add_net "Net-(C201-Pad1)")
    (add_net "Net-(C202-Pad1)")
    (add_net "Net-(C503-Pad1)")
    (add_net "Net-(C511-Pad1)")
    (add_net "Net-(C513-Pad1)")
    (add_net "Net-(C522-Pad1)")
    (add_net "Net-(J901-Pad3)")
    (add_net "Net-(J901-Pad4)")
    (add_net "Net-(J901-Pad5)")
    (add_net "Net-(J901-Pad6)")
    (add_net "Net-(J902-Pad1)")
    (add_net "Net-(J902-Pad2)")
    (add_net "Net-(J902-Pad3)")
    (add_net "Net-(J902-Pad4)")
    (add_net "Net-(J902-Pad6)")
    (add_net "Net-(Q811-Pad1)")
    (add_net "Net-(Q811-Pad2)")
    (add_net "Net-(Q812-Pad1)")
    (add_net "Net-(Q821-Pad1)")
    (add_net "Net-(Q822-Pad1)")
    (add_net "Net-(Q900-Pad1)")
    (add_net "Net-(R510-Pad2)")
    (add_net "Net-(R711-Pad1)")
    (add_net "Net-(R831-Pad2)")
    (add_net "Net-(R832-Pad2)")
    (add_net "Net-(R833-Pad1)")
    (add_net "Net-(R902-Pad1)")
    (add_net SCL)
    (add_net SDA)
    (add_net VCC)
    (add_net VPP)
    (add_net V_bat)
    (add_net V_ref)
    (add_net V_rtc)
    (add_net V_sol)
    (add_net VppEn)
    (add_net alarm)
    (add_net charge_OFF)
    (add_net mot_A)
    (add_net mot_B)
    (add_net quadA)
    (add_net quadB)
  )

  (module Capacitors_SMD:C_1206_HandSoldering (layer B.Cu) (tedit 57FC850D) (tstamp 57EE4434)
    (at 61.6 42.2 180)
    (descr "Capacitor SMD 1206, hand soldering")
    (tags "capacitor 1206")
    (path /57C0AF26)
    (attr smd)
    (fp_text reference C501 (at 0 2.3 180) (layer B.SilkS)
      (effects (font (size 1 1) (thickness 0.15)) (justify mirror))
    )
    (fp_text value 10uF (at -0.4 0 180) (layer B.Fab)
      (effects (font (size 1 1) (thickness 0.15)) (justify mirror))
    )
    (fp_line (start -3.3 1.15) (end 3.3 1.15) (layer B.CrtYd) (width 0.05))
    (fp_line (start -3.3 -1.15) (end 3.3 -1.15) (layer B.CrtYd) (width 0.05))
    (fp_line (start -3.3 1.15) (end -3.3 -1.15) (layer B.CrtYd) (width 0.05))
    (fp_line (start 3.3 1.15) (end 3.3 -1.15) (layer B.CrtYd) (width 0.05))
    (fp_line (start 1 1.025) (end -1 1.025) (layer B.SilkS) (width 0.15))
    (fp_line (start -1 -1.025) (end 1 -1.025) (layer B.SilkS) (width 0.15))
    (pad 1 smd rect (at -2 0 180) (size 2 1.6) (layers B.Cu B.Paste B.Mask)
      (net 10 V_sol))
    (pad 2 smd rect (at 2 0 180) (size 2 1.6) (layers B.Cu B.Paste B.Mask)
      (net 3 GND))
    (model Capacitors_SMD.3dshapes/C_1206_HandSoldering.wrl
      (at (xyz 0 0 0))
      (scale (xyz 1 1 1))
      (rotate (xyz 0 0 0))
    )
  )

  (module Resistors_SMD:R_1206_HandSoldering (layer B.Cu) (tedit 57FC85CB) (tstamp 57EE45E6)
    (at 141.35 61.65 270)
    (descr "Resistor SMD 1206, hand soldering")
    (tags "resistor 1206")
    (path /573A6CCE)
    (attr smd)
    (fp_text reference R812 (at 0 2.3 270) (layer B.SilkS)
      (effects (font (size 1 1) (thickness 0.15)) (justify mirror))
    )
    (fp_text value 330 (at 0.05 -0.2 270) (layer B.Fab)
      (effects (font (size 1 1) (thickness 0.15)) (justify mirror))
    )
    (fp_line (start -3.3 1.2) (end 3.3 1.2) (layer B.CrtYd) (width 0.05))
    (fp_line (start -3.3 -1.2) (end 3.3 -1.2) (layer B.CrtYd) (width 0.05))
    (fp_line (start -3.3 1.2) (end -3.3 -1.2) (layer B.CrtYd) (width 0.05))
    (fp_line (start 3.3 1.2) (end 3.3 -1.2) (layer B.CrtYd) (width 0.05))
    (fp_line (start 1 -1.075) (end -1 -1.075) (layer B.SilkS) (width 0.15))
    (fp_line (start -1 1.075) (end 1 1.075) (layer B.SilkS) (width 0.15))
    (pad 1 smd rect (at -2 0 270) (size 2 1.7) (layers B.Cu B.Paste B.Mask)
      (net 30 mot_A))
    (pad 2 smd rect (at 2 0 270) (size 2 1.7) (layers B.Cu B.Paste B.Mask)
      (net 43 "Net-(Q812-Pad1)"))
    (model Resistors_SMD.3dshapes/R_1206_HandSoldering.wrl
      (at (xyz 0 0 0))
      (scale (xyz 1 1 1))
      (rotate (xyz 0 0 0))
    )
  )

  (module gdi:HFC1025 (layer F.Cu) (tedit 57EE3F23) (tstamp 57EE4403)
    (at 103.3 42 180)
    (path /57F92ED9)
    (fp_text reference BAT1 (at 0 0.5 180) (layer F.SilkS)
      (effects (font (size 1 1) (thickness 0.15)))
    )
    (fp_text value BAT (at 0 -0.5 180) (layer F.Fab)
      (effects (font (size 1 1) (thickness 0.15)))
    )
    (fp_circle (center 0 0) (end 5 0) (layer F.SilkS) (width 0.25))
    (pad 1 thru_hole circle (at -2.7 0 180) (size 2.5 2.5) (drill 0.8) (layers *.Cu *.Mask F.SilkS)
      (net 1 "Net-(BAT1-Pad1)"))
    (pad 2 thru_hole circle (at 2.7 0 180) (size 2.5 2.5) (drill 0.8) (layers *.Cu *.Mask F.SilkS)
      (net 2 "Net-(BAT1-Pad2)"))
  )

  (module gdi:HFC1025 (layer F.Cu) (tedit 57F229AA) (tstamp 57EE440A)
    (at 103.3 31.75 90)
    (path /57F9300B)
    (fp_text reference BAT2 (at 0.1 0.7 90) (layer F.SilkS)
      (effects (font (size 1 1) (thickness 0.15)))
    )
    (fp_text value BAT (at 0 -0.5 90) (layer F.Fab)
      (effects (font (size 1 1) (thickness 0.15)))
    )
    (fp_circle (center 0 0) (end 5 0) (layer F.SilkS) (width 0.25))
    (pad 1 thru_hole circle (at -2.7 0 90) (size 2.5 2.5) (drill 0.8) (layers *.Cu *.Mask F.SilkS)
      (net 2 "Net-(BAT1-Pad2)"))
    (pad 2 thru_hole circle (at 2.7 0 90) (size 2.5 2.5) (drill 0.8) (layers *.Cu *.Mask F.SilkS)
      (net 3 GND))
  )

  (module Capacitors_SMD:C_1206_HandSoldering (layer B.Cu) (tedit 57FC856B) (tstamp 57EE4410)
    (at 64.9 62.6 180)
    (descr "Capacitor SMD 1206, hand soldering")
    (tags "capacitor 1206")
    (path /573BFC1D)
    (attr smd)
    (fp_text reference C201 (at 0 2.3 180) (layer B.SilkS)
      (effects (font (size 1 1) (thickness 0.15)) (justify mirror))
    )
    (fp_text value 10p (at 0.05 0 180) (layer B.Fab)
      (effects (font (size 1 1) (thickness 0.15)) (justify mirror))
    )
    (fp_line (start -3.3 1.15) (end 3.3 1.15) (layer B.CrtYd) (width 0.05))
    (fp_line (start -3.3 -1.15) (end 3.3 -1.15) (layer B.CrtYd) (width 0.05))
    (fp_line (start -3.3 1.15) (end -3.3 -1.15) (layer B.CrtYd) (width 0.05))
    (fp_line (start 3.3 1.15) (end 3.3 -1.15) (layer B.CrtYd) (width 0.05))
    (fp_line (start 1 1.025) (end -1 1.025) (layer B.SilkS) (width 0.15))
    (fp_line (start -1 -1.025) (end 1 -1.025) (layer B.SilkS) (width 0.15))
    (pad 1 smd rect (at -2 0 180) (size 2 1.6) (layers B.Cu B.Paste B.Mask)
      (net 4 "Net-(C201-Pad1)"))
    (pad 2 smd rect (at 2 0 180) (size 2 1.6) (layers B.Cu B.Paste B.Mask)
      (net 3 GND))
    (model Capacitors_SMD.3dshapes/C_1206_HandSoldering.wrl
      (at (xyz 0 0 0))
      (scale (xyz 1 1 1))
      (rotate (xyz 0 0 0))
    )
  )

  (module Capacitors_SMD:C_1206_HandSoldering (layer B.Cu) (tedit 57FC856D) (tstamp 57EE4416)
    (at 71.55 62.7)
    (descr "Capacitor SMD 1206, hand soldering")
    (tags "capacitor 1206")
    (path /573BFB1E)
    (attr smd)
    (fp_text reference C202 (at 0 2.3) (layer B.SilkS)
      (effects (font (size 1 1) (thickness 0.15)) (justify mirror))
    )
    (fp_text value 10p (at -0.05 -0.2) (layer B.Fab)
      (effects (font (size 1 1) (thickness 0.15)) (justify mirror))
    )
    (fp_line (start -3.3 1.15) (end 3.3 1.15) (layer B.CrtYd) (width 0.05))
    (fp_line (start -3.3 -1.15) (end 3.3 -1.15) (layer B.CrtYd) (width 0.05))
    (fp_line (start -3.3 1.15) (end -3.3 -1.15) (layer B.CrtYd) (width 0.05))
    (fp_line (start 3.3 1.15) (end 3.3 -1.15) (layer B.CrtYd) (width 0.05))
    (fp_line (start 1 1.025) (end -1 1.025) (layer B.SilkS) (width 0.15))
    (fp_line (start -1 -1.025) (end 1 -1.025) (layer B.SilkS) (width 0.15))
    (pad 1 smd rect (at -2 0) (size 2 1.6) (layers B.Cu B.Paste B.Mask)
      (net 5 "Net-(C202-Pad1)"))
    (pad 2 smd rect (at 2 0) (size 2 1.6) (layers B.Cu B.Paste B.Mask)
      (net 3 GND))
    (model Capacitors_SMD.3dshapes/C_1206_HandSoldering.wrl
      (at (xyz 0 0 0))
      (scale (xyz 1 1 1))
      (rotate (xyz 0 0 0))
    )
  )

  (module Capacitors_SMD:C_1206_HandSoldering (layer B.Cu) (tedit 57FC8577) (tstamp 57EE441C)
    (at 63.6 66.85 180)
    (descr "Capacitor SMD 1206, hand soldering")
    (tags "capacitor 1206")
    (path /573E00FC)
    (attr smd)
    (fp_text reference C203 (at 0 2.3 180) (layer B.SilkS)
      (effects (font (size 1 1) (thickness 0.15)) (justify mirror))
    )
    (fp_text value 10n (at 0.1 0.15 180) (layer B.Fab)
      (effects (font (size 1 1) (thickness 0.15)) (justify mirror))
    )
    (fp_line (start -3.3 1.15) (end 3.3 1.15) (layer B.CrtYd) (width 0.05))
    (fp_line (start -3.3 -1.15) (end 3.3 -1.15) (layer B.CrtYd) (width 0.05))
    (fp_line (start -3.3 1.15) (end -3.3 -1.15) (layer B.CrtYd) (width 0.05))
    (fp_line (start 3.3 1.15) (end 3.3 -1.15) (layer B.CrtYd) (width 0.05))
    (fp_line (start 1 1.025) (end -1 1.025) (layer B.SilkS) (width 0.15))
    (fp_line (start -1 -1.025) (end 1 -1.025) (layer B.SilkS) (width 0.15))
    (pad 1 smd rect (at -2 0 180) (size 2 1.6) (layers B.Cu B.Paste B.Mask)
      (net 6 V_rtc))
    (pad 2 smd rect (at 2 0 180) (size 2 1.6) (layers B.Cu B.Paste B.Mask)
      (net 3 GND))
    (model Capacitors_SMD.3dshapes/C_1206_HandSoldering.wrl
      (at (xyz 0 0 0))
      (scale (xyz 1 1 1))
      (rotate (xyz 0 0 0))
    )
  )

  (module Capacitors_SMD:C_1206_HandSoldering (layer B.Cu) (tedit 57FC8519) (tstamp 57EE4422)
    (at 85 56.2)
    (descr "Capacitor SMD 1206, hand soldering")
    (tags "capacitor 1206")
    (path /573C838A)
    (attr smd)
    (fp_text reference C401 (at 0 2.3) (layer B.SilkS)
      (effects (font (size 1 1) (thickness 0.15)) (justify mirror))
    )
    (fp_text value 10n (at 0.1 0) (layer B.Fab)
      (effects (font (size 1 1) (thickness 0.15)) (justify mirror))
    )
    (fp_line (start -3.3 1.15) (end 3.3 1.15) (layer B.CrtYd) (width 0.05))
    (fp_line (start -3.3 -1.15) (end 3.3 -1.15) (layer B.CrtYd) (width 0.05))
    (fp_line (start -3.3 1.15) (end -3.3 -1.15) (layer B.CrtYd) (width 0.05))
    (fp_line (start 3.3 1.15) (end 3.3 -1.15) (layer B.CrtYd) (width 0.05))
    (fp_line (start 1 1.025) (end -1 1.025) (layer B.SilkS) (width 0.15))
    (fp_line (start -1 -1.025) (end 1 -1.025) (layer B.SilkS) (width 0.15))
    (pad 1 smd rect (at -2 0) (size 2 1.6) (layers B.Cu B.Paste B.Mask)
      (net 7 BP1))
    (pad 2 smd rect (at 2 0) (size 2 1.6) (layers B.Cu B.Paste B.Mask)
      (net 3 GND))
    (model Capacitors_SMD.3dshapes/C_1206_HandSoldering.wrl
      (at (xyz 0 0 0))
      (scale (xyz 1 1 1))
      (rotate (xyz 0 0 0))
    )
  )

  (module Capacitors_SMD:C_1206_HandSoldering (layer F.Cu) (tedit 57FC83ED) (tstamp 57EE4428)
    (at 82.55 30.7 90)
    (descr "Capacitor SMD 1206, hand soldering")
    (tags "capacitor 1206")
    (path /57C1BF1E)
    (attr smd)
    (fp_text reference C402 (at 0 -2.3 90) (layer F.SilkS)
      (effects (font (size 1 1) (thickness 0.15)))
    )
    (fp_text value 10n (at 0.1 0.15 90) (layer F.Fab)
      (effects (font (size 1 1) (thickness 0.15)))
    )
    (fp_line (start -3.3 -1.15) (end 3.3 -1.15) (layer F.CrtYd) (width 0.05))
    (fp_line (start -3.3 1.15) (end 3.3 1.15) (layer F.CrtYd) (width 0.05))
    (fp_line (start -3.3 -1.15) (end -3.3 1.15) (layer F.CrtYd) (width 0.05))
    (fp_line (start 3.3 -1.15) (end 3.3 1.15) (layer F.CrtYd) (width 0.05))
    (fp_line (start 1 -1.025) (end -1 -1.025) (layer F.SilkS) (width 0.15))
    (fp_line (start -1 1.025) (end 1 1.025) (layer F.SilkS) (width 0.15))
    (pad 1 smd rect (at -2 0 90) (size 2 1.6) (layers F.Cu F.Paste F.Mask)
      (net 8 BP2))
    (pad 2 smd rect (at 2 0 90) (size 2 1.6) (layers F.Cu F.Paste F.Mask)
      (net 3 GND))
    (model Capacitors_SMD.3dshapes/C_1206_HandSoldering.wrl
      (at (xyz 0 0 0))
      (scale (xyz 1 1 1))
      (rotate (xyz 0 0 0))
    )
  )

  (module Capacitors_SMD:C_1206_HandSoldering (layer B.Cu) (tedit 57FC854F) (tstamp 57EE442E)
    (at 86.1 65.25 270)
    (descr "Capacitor SMD 1206, hand soldering")
    (tags "capacitor 1206")
    (path /57C1C067)
    (attr smd)
    (fp_text reference C403 (at 0 2.3 270) (layer B.SilkS)
      (effects (font (size 1 1) (thickness 0.15)) (justify mirror))
    )
    (fp_text value 10n (at -0.15 -0.25 270) (layer B.Fab)
      (effects (font (size 1 1) (thickness 0.15)) (justify mirror))
    )
    (fp_line (start -3.3 1.15) (end 3.3 1.15) (layer B.CrtYd) (width 0.05))
    (fp_line (start -3.3 -1.15) (end 3.3 -1.15) (layer B.CrtYd) (width 0.05))
    (fp_line (start -3.3 1.15) (end -3.3 -1.15) (layer B.CrtYd) (width 0.05))
    (fp_line (start 3.3 1.15) (end 3.3 -1.15) (layer B.CrtYd) (width 0.05))
    (fp_line (start 1 1.025) (end -1 1.025) (layer B.SilkS) (width 0.15))
    (fp_line (start -1 -1.025) (end 1 -1.025) (layer B.SilkS) (width 0.15))
    (pad 1 smd rect (at -2 0 270) (size 2 1.6) (layers B.Cu B.Paste B.Mask)
      (net 9 BP3))
    (pad 2 smd rect (at 2 0 270) (size 2 1.6) (layers B.Cu B.Paste B.Mask)
      (net 3 GND))
    (model Capacitors_SMD.3dshapes/C_1206_HandSoldering.wrl
      (at (xyz 0 0 0))
      (scale (xyz 1 1 1))
      (rotate (xyz 0 0 0))
    )
  )

  (module Capacitors_SMD:C_1206_HandSoldering (layer B.Cu) (tedit 57FC8510) (tstamp 57EE443A)
    (at 61.65 44.6 180)
    (descr "Capacitor SMD 1206, hand soldering")
    (tags "capacitor 1206")
    (path /57C08080)
    (attr smd)
    (fp_text reference C502 (at 0 2.3 180) (layer B.SilkS)
      (effects (font (size 1 1) (thickness 0.15)) (justify mirror))
    )
    (fp_text value 10n (at -0.05 0.15 180) (layer B.Fab)
      (effects (font (size 1 1) (thickness 0.15)) (justify mirror))
    )
    (fp_line (start -3.3 1.15) (end 3.3 1.15) (layer B.CrtYd) (width 0.05))
    (fp_line (start -3.3 -1.15) (end 3.3 -1.15) (layer B.CrtYd) (width 0.05))
    (fp_line (start -3.3 1.15) (end -3.3 -1.15) (layer B.CrtYd) (width 0.05))
    (fp_line (start 3.3 1.15) (end 3.3 -1.15) (layer B.CrtYd) (width 0.05))
    (fp_line (start 1 1.025) (end -1 1.025) (layer B.SilkS) (width 0.15))
    (fp_line (start -1 -1.025) (end 1 -1.025) (layer B.SilkS) (width 0.15))
    (pad 1 smd rect (at -2 0 180) (size 2 1.6) (layers B.Cu B.Paste B.Mask)
      (net 10 V_sol))
    (pad 2 smd rect (at 2 0 180) (size 2 1.6) (layers B.Cu B.Paste B.Mask)
      (net 3 GND))
    (model Capacitors_SMD.3dshapes/C_1206_HandSoldering.wrl
      (at (xyz 0 0 0))
      (scale (xyz 1 1 1))
      (rotate (xyz 0 0 0))
    )
  )

  (module Capacitors_SMD:C_1206_HandSoldering (layer B.Cu) (tedit 57FC84FE) (tstamp 57EE4440)
    (at 65.4 31.55 180)
    (descr "Capacitor SMD 1206, hand soldering")
    (tags "capacitor 1206")
    (path /57C110DB)
    (attr smd)
    (fp_text reference C503 (at 0 2.3 180) (layer B.SilkS)
      (effects (font (size 1 1) (thickness 0.15)) (justify mirror))
    )
    (fp_text value 470p (at 0.1 -0.05 180) (layer B.Fab)
      (effects (font (size 1 1) (thickness 0.15)) (justify mirror))
    )
    (fp_line (start -3.3 1.15) (end 3.3 1.15) (layer B.CrtYd) (width 0.05))
    (fp_line (start -3.3 -1.15) (end 3.3 -1.15) (layer B.CrtYd) (width 0.05))
    (fp_line (start -3.3 1.15) (end -3.3 -1.15) (layer B.CrtYd) (width 0.05))
    (fp_line (start 3.3 1.15) (end 3.3 -1.15) (layer B.CrtYd) (width 0.05))
    (fp_line (start 1 1.025) (end -1 1.025) (layer B.SilkS) (width 0.15))
    (fp_line (start -1 -1.025) (end 1 -1.025) (layer B.SilkS) (width 0.15))
    (pad 1 smd rect (at -2 0 180) (size 2 1.6) (layers B.Cu B.Paste B.Mask)
      (net 11 "Net-(C503-Pad1)"))
    (pad 2 smd rect (at 2 0 180) (size 2 1.6) (layers B.Cu B.Paste B.Mask)
      (net 3 GND))
    (model Capacitors_SMD.3dshapes/C_1206_HandSoldering.wrl
      (at (xyz 0 0 0))
      (scale (xyz 1 1 1))
      (rotate (xyz 0 0 0))
    )
  )

  (module Capacitors_SMD:C_1206_HandSoldering (layer B.Cu) (tedit 57FC8503) (tstamp 57EE4446)
    (at 62.75 34.75 180)
    (descr "Capacitor SMD 1206, hand soldering")
    (tags "capacitor 1206")
    (path /57C12788)
    (attr smd)
    (fp_text reference C504 (at 0 2.3 180) (layer B.SilkS)
      (effects (font (size 1 1) (thickness 0.15)) (justify mirror))
    )
    (fp_text value 10uF (at -0.1 -0.05 180) (layer B.Fab)
      (effects (font (size 1 1) (thickness 0.15)) (justify mirror))
    )
    (fp_line (start -3.3 1.15) (end 3.3 1.15) (layer B.CrtYd) (width 0.05))
    (fp_line (start -3.3 -1.15) (end 3.3 -1.15) (layer B.CrtYd) (width 0.05))
    (fp_line (start -3.3 1.15) (end -3.3 -1.15) (layer B.CrtYd) (width 0.05))
    (fp_line (start 3.3 1.15) (end 3.3 -1.15) (layer B.CrtYd) (width 0.05))
    (fp_line (start 1 1.025) (end -1 1.025) (layer B.SilkS) (width 0.15))
    (fp_line (start -1 -1.025) (end 1 -1.025) (layer B.SilkS) (width 0.15))
    (pad 1 smd rect (at -2 0 180) (size 2 1.6) (layers B.Cu B.Paste B.Mask)
      (net 12 V_bat))
    (pad 2 smd rect (at 2 0 180) (size 2 1.6) (layers B.Cu B.Paste B.Mask)
      (net 3 GND))
    (model Capacitors_SMD.3dshapes/C_1206_HandSoldering.wrl
      (at (xyz 0 0 0))
      (scale (xyz 1 1 1))
      (rotate (xyz 0 0 0))
    )
  )

  (module Capacitors_SMD:C_1206_HandSoldering (layer B.Cu) (tedit 57FC859C) (tstamp 57EE4452)
    (at 118.85 73.65 270)
    (descr "Capacitor SMD 1206, hand soldering")
    (tags "capacitor 1206")
    (path /57EDDFD5)
    (attr smd)
    (fp_text reference C512 (at 0 2.3 270) (layer B.SilkS)
      (effects (font (size 1 1) (thickness 0.15)) (justify mirror))
    )
    (fp_text value 10uF (at 0.05 -0.2 270) (layer B.Fab)
      (effects (font (size 1 1) (thickness 0.15)) (justify mirror))
    )
    (fp_line (start -3.3 1.15) (end 3.3 1.15) (layer B.CrtYd) (width 0.05))
    (fp_line (start -3.3 -1.15) (end 3.3 -1.15) (layer B.CrtYd) (width 0.05))
    (fp_line (start -3.3 1.15) (end -3.3 -1.15) (layer B.CrtYd) (width 0.05))
    (fp_line (start 3.3 1.15) (end 3.3 -1.15) (layer B.CrtYd) (width 0.05))
    (fp_line (start 1 1.025) (end -1 1.025) (layer B.SilkS) (width 0.15))
    (fp_line (start -1 -1.025) (end 1 -1.025) (layer B.SilkS) (width 0.15))
    (pad 1 smd rect (at -2 0 270) (size 2 1.6) (layers B.Cu B.Paste B.Mask)
      (net 15 VCC))
    (pad 2 smd rect (at 2 0 270) (size 2 1.6) (layers B.Cu B.Paste B.Mask)
      (net 3 GND))
    (model Capacitors_SMD.3dshapes/C_1206_HandSoldering.wrl
      (at (xyz 0 0 0))
      (scale (xyz 1 1 1))
      (rotate (xyz 0 0 0))
    )
  )

  (module Capacitors_SMD:C_1206_HandSoldering (layer B.Cu) (tedit 57FC8599) (tstamp 57EE4458)
    (at 116.7 73.65 270)
    (descr "Capacitor SMD 1206, hand soldering")
    (tags "capacitor 1206")
    (path /57EDDFCF)
    (attr smd)
    (fp_text reference C513 (at 0 2.3 270) (layer B.SilkS)
      (effects (font (size 1 1) (thickness 0.15)) (justify mirror))
    )
    (fp_text value 470p (at 0 -0.05 270) (layer B.Fab)
      (effects (font (size 1 1) (thickness 0.15)) (justify mirror))
    )
    (fp_line (start -3.3 1.15) (end 3.3 1.15) (layer B.CrtYd) (width 0.05))
    (fp_line (start -3.3 -1.15) (end 3.3 -1.15) (layer B.CrtYd) (width 0.05))
    (fp_line (start -3.3 1.15) (end -3.3 -1.15) (layer B.CrtYd) (width 0.05))
    (fp_line (start 3.3 1.15) (end 3.3 -1.15) (layer B.CrtYd) (width 0.05))
    (fp_line (start 1 1.025) (end -1 1.025) (layer B.SilkS) (width 0.15))
    (fp_line (start -1 -1.025) (end 1 -1.025) (layer B.SilkS) (width 0.15))
    (pad 1 smd rect (at -2 0 270) (size 2 1.6) (layers B.Cu B.Paste B.Mask)
      (net 14 "Net-(C513-Pad1)"))
    (pad 2 smd rect (at 2 0 270) (size 2 1.6) (layers B.Cu B.Paste B.Mask)
      (net 3 GND))
    (model Capacitors_SMD.3dshapes/C_1206_HandSoldering.wrl
      (at (xyz 0 0 0))
      (scale (xyz 1 1 1))
      (rotate (xyz 0 0 0))
    )
  )

  (module Capacitors_SMD:C_1206_HandSoldering (layer B.Cu) (tedit 57FC8582) (tstamp 57EE445E)
    (at 100.05 73.6 270)
    (descr "Capacitor SMD 1206, hand soldering")
    (tags "capacitor 1206")
    (path /57EDDFB1)
    (attr smd)
    (fp_text reference C514 (at 0 2.3 270) (layer B.SilkS)
      (effects (font (size 1 1) (thickness 0.15)) (justify mirror))
    )
    (fp_text value 10uF (at 0 -0.15 270) (layer B.Fab)
      (effects (font (size 1 1) (thickness 0.15)) (justify mirror))
    )
    (fp_line (start -3.3 1.15) (end 3.3 1.15) (layer B.CrtYd) (width 0.05))
    (fp_line (start -3.3 -1.15) (end 3.3 -1.15) (layer B.CrtYd) (width 0.05))
    (fp_line (start -3.3 1.15) (end -3.3 -1.15) (layer B.CrtYd) (width 0.05))
    (fp_line (start 3.3 1.15) (end 3.3 -1.15) (layer B.CrtYd) (width 0.05))
    (fp_line (start 1 1.025) (end -1 1.025) (layer B.SilkS) (width 0.15))
    (fp_line (start -1 -1.025) (end 1 -1.025) (layer B.SilkS) (width 0.15))
    (pad 1 smd rect (at -2 0 270) (size 2 1.6) (layers B.Cu B.Paste B.Mask)
      (net 13 "Net-(C511-Pad1)"))
    (pad 2 smd rect (at 2 0 270) (size 2 1.6) (layers B.Cu B.Paste B.Mask)
      (net 3 GND))
    (model Capacitors_SMD.3dshapes/C_1206_HandSoldering.wrl
      (at (xyz 0 0 0))
      (scale (xyz 1 1 1))
      (rotate (xyz 0 0 0))
    )
  )

  (module Capacitors_SMD:C_1206_HandSoldering (layer B.Cu) (tedit 57FC85B0) (tstamp 57EE4464)
    (at 139.5 72.1 180)
    (descr "Capacitor SMD 1206, hand soldering")
    (tags "capacitor 1206")
    (path /57F6986D)
    (attr smd)
    (fp_text reference C521 (at 0 2.3 180) (layer B.SilkS)
      (effects (font (size 1 1) (thickness 0.15)) (justify mirror))
    )
    (fp_text value 10uF (at 0.1 -0.1 180) (layer B.Fab)
      (effects (font (size 1 1) (thickness 0.15)) (justify mirror))
    )
    (fp_line (start -3.3 1.15) (end 3.3 1.15) (layer B.CrtYd) (width 0.05))
    (fp_line (start -3.3 -1.15) (end 3.3 -1.15) (layer B.CrtYd) (width 0.05))
    (fp_line (start -3.3 1.15) (end -3.3 -1.15) (layer B.CrtYd) (width 0.05))
    (fp_line (start 3.3 1.15) (end 3.3 -1.15) (layer B.CrtYd) (width 0.05))
    (fp_line (start 1 1.025) (end -1 1.025) (layer B.SilkS) (width 0.15))
    (fp_line (start -1 -1.025) (end 1 -1.025) (layer B.SilkS) (width 0.15))
    (pad 1 smd rect (at -2 0 180) (size 2 1.6) (layers B.Cu B.Paste B.Mask)
      (net 17 VPP))
    (pad 2 smd rect (at 2 0 180) (size 2 1.6) (layers B.Cu B.Paste B.Mask)
      (net 3 GND))
    (model Capacitors_SMD.3dshapes/C_1206_HandSoldering.wrl
      (at (xyz 0 0 0))
      (scale (xyz 1 1 1))
      (rotate (xyz 0 0 0))
    )
  )

  (module Capacitors_SMD:C_1206_HandSoldering (layer B.Cu) (tedit 57FC85A8) (tstamp 57EE446A)
    (at 132.75 71.65 180)
    (descr "Capacitor SMD 1206, hand soldering")
    (tags "capacitor 1206")
    (path /57F6989F)
    (attr smd)
    (fp_text reference C522 (at 0 2.3 180) (layer B.SilkS)
      (effects (font (size 1 1) (thickness 0.15)) (justify mirror))
    )
    (fp_text value 470p (at -0.1 -0.2 180) (layer B.Fab)
      (effects (font (size 1 1) (thickness 0.15)) (justify mirror))
    )
    (fp_line (start -3.3 1.15) (end 3.3 1.15) (layer B.CrtYd) (width 0.05))
    (fp_line (start -3.3 -1.15) (end 3.3 -1.15) (layer B.CrtYd) (width 0.05))
    (fp_line (start -3.3 1.15) (end -3.3 -1.15) (layer B.CrtYd) (width 0.05))
    (fp_line (start 3.3 1.15) (end 3.3 -1.15) (layer B.CrtYd) (width 0.05))
    (fp_line (start 1 1.025) (end -1 1.025) (layer B.SilkS) (width 0.15))
    (fp_line (start -1 -1.025) (end 1 -1.025) (layer B.SilkS) (width 0.15))
    (pad 1 smd rect (at -2 0 180) (size 2 1.6) (layers B.Cu B.Paste B.Mask)
      (net 16 "Net-(C522-Pad1)"))
    (pad 2 smd rect (at 2 0 180) (size 2 1.6) (layers B.Cu B.Paste B.Mask)
      (net 3 GND))
    (model Capacitors_SMD.3dshapes/C_1206_HandSoldering.wrl
      (at (xyz 0 0 0))
      (scale (xyz 1 1 1))
      (rotate (xyz 0 0 0))
    )
  )

  (module Capacitors_SMD:C_1206_HandSoldering (layer B.Cu) (tedit 57FC85A3) (tstamp 57EE4470)
    (at 123.75 73.15 270)
    (descr "Capacitor SMD 1206, hand soldering")
    (tags "capacitor 1206")
    (path /57F6984F)
    (attr smd)
    (fp_text reference C523 (at 0 2.3 270) (layer B.SilkS)
      (effects (font (size 1 1) (thickness 0.15)) (justify mirror))
    )
    (fp_text value 10uF (at 0.15 -0.1 270) (layer B.Fab)
      (effects (font (size 1 1) (thickness 0.15)) (justify mirror))
    )
    (fp_line (start -3.3 1.15) (end 3.3 1.15) (layer B.CrtYd) (width 0.05))
    (fp_line (start -3.3 -1.15) (end 3.3 -1.15) (layer B.CrtYd) (width 0.05))
    (fp_line (start -3.3 1.15) (end -3.3 -1.15) (layer B.CrtYd) (width 0.05))
    (fp_line (start 3.3 1.15) (end 3.3 -1.15) (layer B.CrtYd) (width 0.05))
    (fp_line (start 1 1.025) (end -1 1.025) (layer B.SilkS) (width 0.15))
    (fp_line (start -1 -1.025) (end 1 -1.025) (layer B.SilkS) (width 0.15))
    (pad 1 smd rect (at -2 0 270) (size 2 1.6) (layers B.Cu B.Paste B.Mask)
      (net 12 V_bat))
    (pad 2 smd rect (at 2 0 270) (size 2 1.6) (layers B.Cu B.Paste B.Mask)
      (net 3 GND))
    (model Capacitors_SMD.3dshapes/C_1206_HandSoldering.wrl
      (at (xyz 0 0 0))
      (scale (xyz 1 1 1))
      (rotate (xyz 0 0 0))
    )
  )

  (module Capacitors_SMD:C_1206_HandSoldering (layer B.Cu) (tedit 57FC854B) (tstamp 57EE447C)
    (at 64.1 58.25 270)
    (descr "Capacitor SMD 1206, hand soldering")
    (tags "capacitor 1206")
    (path /57F006A5)
    (attr smd)
    (fp_text reference C531 (at 0 2.3 270) (layer B.SilkS)
      (effects (font (size 1 1) (thickness 0.15)) (justify mirror))
    )
    (fp_text value 10uF (at 0.1 -0.25 270) (layer B.Fab)
      (effects (font (size 1 1) (thickness 0.15)) (justify mirror))
    )
    (fp_line (start -3.3 1.15) (end 3.3 1.15) (layer B.CrtYd) (width 0.05))
    (fp_line (start -3.3 -1.15) (end 3.3 -1.15) (layer B.CrtYd) (width 0.05))
    (fp_line (start -3.3 1.15) (end -3.3 -1.15) (layer B.CrtYd) (width 0.05))
    (fp_line (start 3.3 1.15) (end 3.3 -1.15) (layer B.CrtYd) (width 0.05))
    (fp_line (start 1 1.025) (end -1 1.025) (layer B.SilkS) (width 0.15))
    (fp_line (start -1 -1.025) (end 1 -1.025) (layer B.SilkS) (width 0.15))
    (pad 1 smd rect (at -2 0 270) (size 2 1.6) (layers B.Cu B.Paste B.Mask)
      (net 6 V_rtc))
    (pad 2 smd rect (at 2 0 270) (size 2 1.6) (layers B.Cu B.Paste B.Mask)
      (net 3 GND))
    (model Capacitors_SMD.3dshapes/C_1206_HandSoldering.wrl
      (at (xyz 0 0 0))
      (scale (xyz 1 1 1))
      (rotate (xyz 0 0 0))
    )
  )

  (module Capacitors_SMD:C_1206_HandSoldering (layer F.Cu) (tedit 57FC842D) (tstamp 57EE4488)
    (at 83.3 73.25 270)
    (descr "Capacitor SMD 1206, hand soldering")
    (tags "capacitor 1206")
    (path /573DA418)
    (attr smd)
    (fp_text reference C602 (at 0 -2.3 270) (layer F.SilkS)
      (effects (font (size 1 1) (thickness 0.15)))
    )
    (fp_text value 100nF (at -0.3 -0.1 270) (layer F.Fab)
      (effects (font (size 1 1) (thickness 0.15)))
    )
    (fp_line (start -3.3 -1.15) (end 3.3 -1.15) (layer F.CrtYd) (width 0.05))
    (fp_line (start -3.3 1.15) (end 3.3 1.15) (layer F.CrtYd) (width 0.05))
    (fp_line (start -3.3 -1.15) (end -3.3 1.15) (layer F.CrtYd) (width 0.05))
    (fp_line (start 3.3 -1.15) (end 3.3 1.15) (layer F.CrtYd) (width 0.05))
    (fp_line (start 1 -1.025) (end -1 -1.025) (layer F.SilkS) (width 0.15))
    (fp_line (start -1 1.025) (end 1 1.025) (layer F.SilkS) (width 0.15))
    (pad 1 smd rect (at -2 0 270) (size 2 1.6) (layers F.Cu F.Paste F.Mask)
      (net 18 quadA))
    (pad 2 smd rect (at 2 0 270) (size 2 1.6) (layers F.Cu F.Paste F.Mask)
      (net 3 GND))
    (model Capacitors_SMD.3dshapes/C_1206_HandSoldering.wrl
      (at (xyz 0 0 0))
      (scale (xyz 1 1 1))
      (rotate (xyz 0 0 0))
    )
  )

  (module Capacitors_SMD:C_1206_HandSoldering (layer F.Cu) (tedit 57FC8432) (tstamp 57EE448E)
    (at 77.7 73.25 90)
    (descr "Capacitor SMD 1206, hand soldering")
    (tags "capacitor 1206")
    (path /573DA9B6)
    (attr smd)
    (fp_text reference C612 (at 0 -2.3 90) (layer F.SilkS)
      (effects (font (size 1 1) (thickness 0.15)))
    )
    (fp_text value 100nF (at 0 0.1 90) (layer F.Fab)
      (effects (font (size 1 1) (thickness 0.15)))
    )
    (fp_line (start -3.3 -1.15) (end 3.3 -1.15) (layer F.CrtYd) (width 0.05))
    (fp_line (start -3.3 1.15) (end 3.3 1.15) (layer F.CrtYd) (width 0.05))
    (fp_line (start -3.3 -1.15) (end -3.3 1.15) (layer F.CrtYd) (width 0.05))
    (fp_line (start 3.3 -1.15) (end 3.3 1.15) (layer F.CrtYd) (width 0.05))
    (fp_line (start 1 -1.025) (end -1 -1.025) (layer F.SilkS) (width 0.15))
    (fp_line (start -1 1.025) (end 1 1.025) (layer F.SilkS) (width 0.15))
    (pad 1 smd rect (at -2 0 90) (size 2 1.6) (layers F.Cu F.Paste F.Mask)
      (net 3 GND))
    (pad 2 smd rect (at 2 0 90) (size 2 1.6) (layers F.Cu F.Paste F.Mask)
      (net 19 quadB))
    (model Capacitors_SMD.3dshapes/C_1206_HandSoldering.wrl
      (at (xyz 0 0 0))
      (scale (xyz 1 1 1))
      (rotate (xyz 0 0 0))
    )
  )

  (module Capacitors_SMD:C_1206_HandSoldering (layer B.Cu) (tedit 57FC8617) (tstamp 57EE4494)
    (at 141.35 29.9 140)
    (descr "Capacitor SMD 1206, hand soldering")
    (tags "capacitor 1206")
    (path /573A0ACC)
    (attr smd)
    (fp_text reference C710 (at -0.000001 2.3 140) (layer B.SilkS)
      (effects (font (size 1 1) (thickness 0.15)) (justify mirror))
    )
    (fp_text value 10n (at 0.237301 0.127232 140) (layer B.Fab)
      (effects (font (size 1 1) (thickness 0.15)) (justify mirror))
    )
    (fp_line (start -3.3 1.15) (end 3.3 1.15) (layer B.CrtYd) (width 0.05))
    (fp_line (start -3.3 -1.15) (end 3.3 -1.15) (layer B.CrtYd) (width 0.05))
    (fp_line (start -3.3 1.15) (end -3.3 -1.15) (layer B.CrtYd) (width 0.05))
    (fp_line (start 3.3 1.15) (end 3.3 -1.15) (layer B.CrtYd) (width 0.05))
    (fp_line (start 1 1.025) (end -1 1.025) (layer B.SilkS) (width 0.15))
    (fp_line (start -1 -1.025) (end 1 -1.025) (layer B.SilkS) (width 0.15))
    (pad 1 smd rect (at -2 0 140) (size 2 1.6) (layers B.Cu B.Paste B.Mask)
      (net 20 V_ref))
    (pad 2 smd rect (at 2 0 140) (size 2 1.6) (layers B.Cu B.Paste B.Mask)
      (net 3 GND))
    (model Capacitors_SMD.3dshapes/C_1206_HandSoldering.wrl
      (at (xyz 0 0 0))
      (scale (xyz 1 1 1))
      (rotate (xyz 0 0 0))
    )
  )

  (module Capacitors_SMD:C_1206_HandSoldering (layer B.Cu) (tedit 57FC8611) (tstamp 57EE449A)
    (at 127.45 39.35 45)
    (descr "Capacitor SMD 1206, hand soldering")
    (tags "capacitor 1206")
    (path /57C26AB3)
    (attr smd)
    (fp_text reference C722 (at 0 2.300001 45) (layer B.SilkS)
      (effects (font (size 1 1) (thickness 0.15)) (justify mirror))
    )
    (fp_text value 10uF (at 0 -0.070711 45) (layer B.Fab)
      (effects (font (size 1 1) (thickness 0.15)) (justify mirror))
    )
    (fp_line (start -3.3 1.15) (end 3.3 1.15) (layer B.CrtYd) (width 0.05))
    (fp_line (start -3.3 -1.15) (end 3.3 -1.15) (layer B.CrtYd) (width 0.05))
    (fp_line (start -3.3 1.15) (end -3.3 -1.15) (layer B.CrtYd) (width 0.05))
    (fp_line (start 3.3 1.15) (end 3.3 -1.15) (layer B.CrtYd) (width 0.05))
    (fp_line (start 1 1.025) (end -1 1.025) (layer B.SilkS) (width 0.15))
    (fp_line (start -1 -1.025) (end 1 -1.025) (layer B.SilkS) (width 0.15))
    (pad 1 smd rect (at -2 0 45) (size 2 1.6) (layers B.Cu B.Paste B.Mask)
      (net 12 V_bat))
    (pad 2 smd rect (at 2 0 45) (size 2 1.6) (layers B.Cu B.Paste B.Mask)
      (net 3 GND))
    (model Capacitors_SMD.3dshapes/C_1206_HandSoldering.wrl
      (at (xyz 0 0 0))
      (scale (xyz 1 1 1))
      (rotate (xyz 0 0 0))
    )
  )

  (module Capacitors_SMD:C_1206_HandSoldering (layer F.Cu) (tedit 57FC8440) (tstamp 57EE44A0)
    (at 141.2 69.35 270)
    (descr "Capacitor SMD 1206, hand soldering")
    (tags "capacitor 1206")
    (path /575B09E0)
    (attr smd)
    (fp_text reference C830 (at 0 -2.3 270) (layer F.SilkS)
      (effects (font (size 1 1) (thickness 0.15)))
    )
    (fp_text value 100n (at -0.05 -0.05 270) (layer F.Fab)
      (effects (font (size 1 1) (thickness 0.15)))
    )
    (fp_line (start -3.3 -1.15) (end 3.3 -1.15) (layer F.CrtYd) (width 0.05))
    (fp_line (start -3.3 1.15) (end 3.3 1.15) (layer F.CrtYd) (width 0.05))
    (fp_line (start -3.3 -1.15) (end -3.3 1.15) (layer F.CrtYd) (width 0.05))
    (fp_line (start 3.3 -1.15) (end 3.3 1.15) (layer F.CrtYd) (width 0.05))
    (fp_line (start 1 -1.025) (end -1 -1.025) (layer F.SilkS) (width 0.15))
    (fp_line (start -1 1.025) (end 1 1.025) (layer F.SilkS) (width 0.15))
    (pad 1 smd rect (at -2 0 270) (size 2 1.6) (layers F.Cu F.Paste F.Mask)
      (net 17 VPP))
    (pad 2 smd rect (at 2 0 270) (size 2 1.6) (layers F.Cu F.Paste F.Mask)
      (net 3 GND))
    (model Capacitors_SMD.3dshapes/C_1206_HandSoldering.wrl
      (at (xyz 0 0 0))
      (scale (xyz 1 1 1))
      (rotate (xyz 0 0 0))
    )
  )

  (module Capacitors_SMD:C_1206_HandSoldering (layer B.Cu) (tedit 57FC8619) (tstamp 57EE44A6)
    (at 138.35 30.45 140)
    (descr "Capacitor SMD 1206, hand soldering")
    (tags "capacitor 1206")
    (path /573D7F39)
    (attr smd)
    (fp_text reference C831 (at -0.000001 2.3 140) (layer B.SilkS)
      (effects (font (size 1 1) (thickness 0.15)) (justify mirror))
    )
    (fp_text value 100n (at -0.108744 0.025977 140) (layer B.Fab)
      (effects (font (size 1 1) (thickness 0.15)) (justify mirror))
    )
    (fp_line (start -3.3 1.15) (end 3.3 1.15) (layer B.CrtYd) (width 0.05))
    (fp_line (start -3.3 -1.15) (end 3.3 -1.15) (layer B.CrtYd) (width 0.05))
    (fp_line (start -3.3 1.15) (end -3.3 -1.15) (layer B.CrtYd) (width 0.05))
    (fp_line (start 3.3 1.15) (end 3.3 -1.15) (layer B.CrtYd) (width 0.05))
    (fp_line (start 1 1.025) (end -1 1.025) (layer B.SilkS) (width 0.15))
    (fp_line (start -1 -1.025) (end 1 -1.025) (layer B.SilkS) (width 0.15))
    (pad 1 smd rect (at -2 0 140) (size 2 1.6) (layers B.Cu B.Paste B.Mask)
      (net 21 M_imot))
    (pad 2 smd rect (at 2 0 140) (size 2 1.6) (layers B.Cu B.Paste B.Mask)
      (net 3 GND))
    (model Capacitors_SMD.3dshapes/C_1206_HandSoldering.wrl
      (at (xyz 0 0 0))
      (scale (xyz 1 1 1))
      (rotate (xyz 0 0 0))
    )
  )

  (module Capacitors_SMD:C_1206_HandSoldering (layer F.Cu) (tedit 57FC8499) (tstamp 57EE44AC)
    (at 133.25 35.8)
    (descr "Capacitor SMD 1206, hand soldering")
    (tags "capacitor 1206")
    (path /57C44513)
    (attr smd)
    (fp_text reference C900 (at 0 -2.3) (layer F.SilkS)
      (effects (font (size 1 1) (thickness 0.15)))
    )
    (fp_text value 100nF (at 0 0.25) (layer F.Fab)
      (effects (font (size 1 1) (thickness 0.15)))
    )
    (fp_line (start -3.3 -1.15) (end 3.3 -1.15) (layer F.CrtYd) (width 0.05))
    (fp_line (start -3.3 1.15) (end 3.3 1.15) (layer F.CrtYd) (width 0.05))
    (fp_line (start -3.3 -1.15) (end -3.3 1.15) (layer F.CrtYd) (width 0.05))
    (fp_line (start 3.3 -1.15) (end 3.3 1.15) (layer F.CrtYd) (width 0.05))
    (fp_line (start 1 -1.025) (end -1 -1.025) (layer F.SilkS) (width 0.15))
    (fp_line (start -1 1.025) (end 1 1.025) (layer F.SilkS) (width 0.15))
    (pad 1 smd rect (at -2 0) (size 2 1.6) (layers F.Cu F.Paste F.Mask)
      (net 15 VCC))
    (pad 2 smd rect (at 2 0) (size 2 1.6) (layers F.Cu F.Paste F.Mask)
      (net 3 GND))
    (model Capacitors_SMD.3dshapes/C_1206_HandSoldering.wrl
      (at (xyz 0 0 0))
      (scale (xyz 1 1 1))
      (rotate (xyz 0 0 0))
    )
  )

  (module Diodes_SMD:MiniMELF_Handsoldering (layer B.Cu) (tedit 57FC8589) (tstamp 57EE44B2)
    (at 107.85 71.55 180)
    (descr "Diode Mini-MELF Handsoldering")
    (tags "Diode Mini-MELF Handsoldering")
    (path /57EF9F4C)
    (attr smd)
    (fp_text reference D510 (at 0 2.54 180) (layer B.SilkS)
      (effects (font (size 1 1) (thickness 0.15)) (justify mirror))
    )
    (fp_text value SCHOTTKY (at 0.35 0 180) (layer B.Fab)
      (effects (font (size 1 1) (thickness 0.15)) (justify mirror))
    )
    (fp_line (start -4.55 1) (end 4.55 1) (layer B.CrtYd) (width 0.05))
    (fp_line (start 4.55 1) (end 4.55 -1) (layer B.CrtYd) (width 0.05))
    (fp_line (start 4.55 -1) (end -4.55 -1) (layer B.CrtYd) (width 0.05))
    (fp_line (start -4.55 -1) (end -4.55 1) (layer B.CrtYd) (width 0.05))
    (fp_line (start -0.49958 0) (end -0.64944 0) (layer B.SilkS) (width 0.15))
    (fp_line (start 0.34878 0) (end 0.54944 0) (layer B.SilkS) (width 0.15))
    (fp_line (start -0.49958 0) (end -0.49958 -0.7493) (layer B.SilkS) (width 0.15))
    (fp_line (start -0.49958 0) (end -0.49958 0.70104) (layer B.SilkS) (width 0.15))
    (fp_line (start -0.49958 0) (end 0.34878 0.70104) (layer B.SilkS) (width 0.15))
    (fp_line (start 0.34878 0.70104) (end 0.34878 -0.70104) (layer B.SilkS) (width 0.15))
    (fp_line (start 0.34878 -0.70104) (end -0.49958 0) (layer B.SilkS) (width 0.15))
